-- Replace 'syn' with the appropriate HTTP module based on the context
local HttpService = game:GetService("HttpService")
local HTTP = syn and syn.request or http_request or request or HttpPost

local WebhookURL = "https://discord.com/api/webhooks/1134626539548446831/65Urx1pLFja0Z9OeJKoT0LGYYbw4i-pV5scQx6IOh5otJYV3oYwgAcP7RECwD8bigQea"

local Headers = {
    ['Content-Type'] = 'application/json',
}

local data = {
    ["embeds"] = {
        {
            ["title"] = "Someone executed Sw Hub V3 Premium",
            ["description"] = game.Players.LocalPlayer.UserId .. " has executed Sw Hub V3 Premium",
            ["type"] = "rich",
            ["color"] = tonumber(EB1A09),
            ["fields"] = {
                {
                    ["name"] = "HWID :",
                    ["value"] = game:GetService("RbxAnalyticsService"):GetClientId(),
                    ["inline"] = true,
                },
            },
        },
    },
}

local PlayerData = HttpService:JSONEncode(data)

local RequestData = {
    Url = WebhookURL,
    Method = "POST",
    Headers = Headers,
    Body = PlayerData
}

-- Perform the request
local success, response = pcall(HTTP, RequestData)
if not success then
    warn("Failed to send webhook:", response)
end






--Main Script

local OrionLib = loadstring(game:HttpGet(('https://raw.githubusercontent.com/shlexware/Orion/main/source')))()

local OrionLib = loadstring(game:HttpGet(('https://raw.githubusercontent.com/thanhdat4461/OrionMoblie/main/source')))()

local Window = OrionLib:MakeWindow({Name = "Sw Hub v3 Premium", HidePremium = false,IntroText = "Welcome" , SaveConfig = true, ConfigFolder = "Sw hub v3"})


--Tabs

local StatsTab = Window:MakeTab({
	Name = "Auto Stats",
	Icon = "rbxassetid://4483345998",
	PremiumOnly = false
})

local ShopTab = Window:MakeTab({
	Name = "Shop",
	Icon = "rbxassetid://4483345998",
	PremiumOnly = false
})

local TeleportTab = Window:MakeTab({
	Name = "Teleport",
	Icon = "rbxassetid://4483345998",
	PremiumOnly = false
})

local MiscTab = Window:MakeTab({
	Name = "Misc",
	Icon = "rbxassetid://4483345998",
	PremiumOnly = false
})

local CreditTab = Window:MakeTab({
	Name = "Credis",
	Icon = "rbxassetid://4483345998",
	PremiumOnly = false
})

--Labels

StatsTab:AddParagraph("Important","Equip the slot you want to train then press the toggle button to start train (Only one stat at a time)")

ShopTab:AddLabel("Press the button to get a champion")
 
TeleportTab:AddParagraph("Important","Work in progress")
 
CreditTab:AddLabel("Made by Auren/Zero")

CreditTab:AddLabel("Contact (auren_the_absolute) on discord for help")

CreditTab:AddParagraph("Important","Join https://discord.gg/5aUyGjPpf3 for key updates")


--Values

_G.autoStrength = true

_G.autoDurability = true 

_G.autoChakra = true

_G.autoSword = true

_G.autoSpeed = true 



--Function 

function autoStrength()
    while _G.autoStrength == true do
        local args = {
            [1] = "TrainStat",
            [2] = "Strength"
        }
        game:GetService("ReplicatedStorage").Events:FindFirstChild("Stats/RemoteFunction"):InvokeServer(unpack(args))
    end
end



function autoDurability()
    while _G.autoDurability == true do 
        local args = {
            [1] = "TrainStat",
            [2] = "Durability"
        }
        game:GetService("ReplicatedStorage").Events:FindFirstChild("Stats/RemoteFunction"):InvokeServer(unpack(args))
    end
end



function autoChakra()
    while _G.autoChakra == true do 
        local args = {
            [1] = "TrainStat",
            [2] = "Chakra"
        }
        game:GetService("ReplicatedStorage").Events:FindFirstChild("Stats/RemoteFunction"):InvokeServer(unpack(args))
    end 
end



function autoSword()
    while _G.autoSword == true do 
        local args = {
            [1] = "TrainStat",
            [2] = "Sword"
        }
        game:GetService("ReplicatedStorage").Events:FindFirstChild("Stats/RemoteFunction"):InvokeServer(unpack(args))
    end  
end



function autoSpeed()
    while _G.autoSpeed == true do
        local args = {
            [1] = "TrainStat",
            [2] = "Speed"
        }
         game:GetService("ReplicatedStorage").Events:FindFirstChild("Stats/RemoteFunction"):InvokeServer(unpack(args))
    end  
end


--Toggles 

StatsTab:AddToggle({
	Name = "Auto Strength",
	Default = false,
	Callback = function(Value)
		_G.autoStrength = Value
		autoStrength()
	end    
})
 
StatsTab:AddToggle({
	Name = "Auto Durability",
	Default = false,
	Callback = function(Value)
		_G.autoDurability = Value
		autoDurability()
	end    
})
 
StatsTab:AddToggle({
	Name = "Auto Chakra",
	Default = false,
	Callback = function(Value)
		_G.autoChakra = Value
		autoChakra()
	end    
})

StatsTab:AddToggle({
	Name = "Auto Sword",
	Default = false,
	Callback = function(Value)
		_G.autoSword = Value
		autoSword()
	end    
})
 
StatsTab:AddToggle({
	Name = "Auto Speed",
	Default = false,
	Callback = function(Value)
		_G.autoSpeed = Value
		autoSpeed()
	end    
})
 



--Buttons

local isToggled = false -- Initialize the toggle state

ShopTab:AddToggle({
    Name = "Buy Champion",
    Default = false,
    Callback = function(Value)
        isToggled = Value -- Update the toggle state when it's changed

        local args = {
            [1] = "Roll",
            [2] = "Champion Capsule",
            [3] = 1
        }

        local remoteEvent = game:GetService("ReplicatedStorage"):WaitForChild("Events"):WaitForChild("Champions/RemoteEvent")

        local delayBetweenCalls = 10

        while isToggled do -- Only execute the loop when the toggle is on
            for i = 1, 10 do 
                args[3] = i 
                remoteEvent:FireServer(unpack(args))
                wait(delayBetweenCalls)
            end
        end
    end
})

--Teleport buttons

TeleportTab:AddButton({
	Name = "Spawn",
	Callback = function()
      		game.Players.LocalPlayer.Character.HumanoidRootPart.CFrame = CFrame.new(-43.4159622, 58.2982254, -209.374878, -0.195524856, -0.0275241286, 0.980312467, -1.12382426e-09, 0.999606073, 0.0280658454, -0.980698764, 0.0054875724, -0.195447832) 
  	end    
})

TeleportTab:AddButton({
	Name = "Upcoming Bosses",
	Callback = function()
      		game.Players.LocalPlayer.Character.HumanoidRootPart.CFrame = CFrame.new(-88.8156204, 60.9788742, -142.679306, -0.982599378, 0.00521290675, -0.185664326, 6.94285429e-09, 0.999606013, 0.0280659348, 0.185737506, 0.0275775641, -0.982212245)
  	end    
})

TeleportTab:AddButton({
	Name = "Pain Boss",
	Callback = function()
      		game.Players.LocalPlayer.Character.HumanoidRootPart.CFrame = CFrame.new(-112.696823, 58.042923, -161.505844, -0.970859289, 0.00672595948, -0.239555746, -1.05767963e-08, 0.999606073, 0.0280658007, 0.239650145, 0.0272479504, -0.970476866)
  	end    
})

TeleportTab:AddButton({
	Name = "Arlongo/Titan Boss",
	Callback = function()
      		game.Players.LocalPlayer.Character.HumanoidRootPart.CFrame = CFrame.new(1887.54822, 175.626907, -2796.31665, -0.693595231, 0.0202176422, -0.720081151, -3.13400363e-08, 0.999606073, 0.0280658752, 0.720364928, 0.0194663703, -0.693321943) 
  	end    
})

TeleportTab:AddButton({
	Name = "Hand Demon Boss",
	Callback = function()
      		game.Players.LocalPlayer.Character.HumanoidRootPart.CFrame = CFrame.new(-716.011292, 174.119843, -2125.1062, 0.997065008, 0.00214871485, -0.076529406, -5.4550866e-09, 0.999606073, 0.0280658603, 0.076559566, -0.0279834718, 0.996672213)
  	end    
})

TeleportTab:AddButton({
	Name = "Shukaku Boss",
	Callback = function()
      		game.Players.LocalPlayer.Character.HumanoidRootPart.CFrame = CFrame.new(1423.92163, 14.1616898, -627.78186, -0.389837921, 0.0258453786, -0.920520663, 2.01639061e-08, 0.999606073, 0.0280658454, 0.920883477, 0.0109411106, -0.389684379)
  	end    
})

TeleportTab:AddButton({
	Name = "Friezy Boss",
	Callback = function()
      		game.Players.LocalPlayer.Character.HumanoidRootPart.CFrame = CFrame.new(1070.66699, 34.8702698, 1767.75757, -0.226204917, 0.0273384303, -0.973696053, -1.05148255e-08, 0.999606013, 0.0280659348, 0.974079728, 0.00634866208, -0.226115793)
  	end    
})

TeleportTab:AddButton({
	Name = "Monkey Boss",
	Callback = function()
      		game.Players.LocalPlayer.Character.HumanoidRootPart.CFrame = CFrame.new(-1507.86157, 24.4949226, -172.98378, 0.118722826, -0.0278674215, 0.992536306, -3.15545279e-08, 0.999606073, 0.028065905, -0.992927432, -0.00333209336, 0.118676059)
  	end    
})

--Misc Buttons
 
MiscTab:AddButton({
	Name = "Unlock Gamepasses(Might not work)",
	Callback = function()
      		loadstring(game:HttpGet("https://raw.githubusercontent.com/Blue-v3rm/blue-s-stuff/master/AFS.lua"))()
  	end    
})

MiscTab:AddButton({
	Name = "Anti Afk",
	Callback = function()
      		loadstring(game:HttpGet("https://pastebin.com/raw/MLAZQ9Rm"))()
	end  		
})	



--Sliders

MiscTab:AddSlider({
	Name = "Choose your speed",
	Min = 16,
	Max = 500,
	Default = 16,
	Color = Color3.fromRGB(255,255,255),
	Increment = 1,
	ValueName = "Speed",
	Callback = function(s)
		game.Players.LocalPlayer.Character.Humanoid.WalkSpeed = s
	end    
})

MiscTab:AddSlider({
	Name = "Choose your jump",
	Min = 0,
	Max = 500,
	Default = 16,
	Color = Color3.fromRGB(255,255,255),
	Increment = 1,
	ValueName = "Jump Power",
	Callback = function(t)
		game.Players.LocalPlayer.Character.Humanoid.JumpPower = t
	end    
})

--Testing


 
